# -*- coding: cp1252 -*-
subject_id,trial,condition,n_flash,n_beep,respkey,RT
0,0,"(1, 0)",1,0,257,1628
0,1,"(1, 2)",1,2,258,379
0,2,"(2, 0)",2,0,259,398
0,3,"(2, 0)",2,0,260,307
0,4,"(4, 0)",4,0,258,582
0,5,"(2, 0)",2,0,258,244
0,6,"(4, 0)",4,0,259,108
0,7,"(3, 1)",3,1,260,249
0,8,"(2, 0)",2,0,257,236
0,9,"(3, 1)",3,1,258,85
0,10,"(1, 2)",1,2,259,267
0,11,"(1, 0)",1,0,260,141
0,12,"(1, 4)",1,4,257,149
0,13,"(4, 1)",4,1,258,110
0,14,"(3, 1)",3,1,259,219
0,15,"(4, 1)",4,1,260,164
0,16,"(1, 1)",1,1,257,347
0,17,"(1, 2)",1,2,258,136
0,18,"(1, 2)",1,2,259,346
0,19,"(3, 1)",3,1,257,1881
0,20,"(2, 1)",2,1,258,266
0,21,"(3, 0)",3,0,259,54
0,22,"(3, 0)",3,0,260,359
0,23,"(3, 0)",3,0,257,357
0,24,"(4, 1)",4,1,258,104
0,25,"(2, 1)",2,1,259,66
0,26,"(1, 2)",1,2,260,217
0,27,"(1, 0)",1,0,257,619
0,28,"(2, 1)",2,1,258,230
0,29,"(3, 0)",3,0,259,211
0,30,"(1, 3)",1,3,260,345
0,31,"(1, 1)",1,1,257,414
0,32,"(4, 0)",4,0,258,162
0,33,"(1, 4)",1,4,259,435
0,34,"(3, 1)",3,1,260,97
0,35,"(4, 1)",4,1,257,137
0,36,"(1, 1)",1,1,258,348
0,37,"(1, 0)",1,0,259,409
0,38,"(1, 3)",1,3,260,674
0,39,"(1, 1)",1,1,257,434
0,40,"(4, 0)",4,0,258,208
0,41,"(1, 3)",1,3,259,271
0,42,"(1, 1)",1,1,260,266
0,43,"(2, 0)",2,0,257,369
0,44,"(1, 3)",1,3,258,321
0,45,"(2, 1)",2,1,259,318
0,46,"(1, 4)",1,4,260,238
0,47,"(4, 1)",4,1,257,266
0,48,"(2, 1)",2,1,258,292
0,49,"(1, 0)",1,0,259,223
0,50,"(3, 0)",3,0,260,168
0,51,"(1, 4)",1,4,257,13
0,52,"(1, 4)",1,4,258,448
0,53,"(4, 0)",4,0,259,165
0,54,"(1, 3)",1,3,260,84
1,0,"(1, 2)",1,2,257,808
1,1,"(3, 0)",3,0,258,769
1,2,"(2, 0)",2,0,258,748
1,3,"(2, 0)",2,0,259,766
1,4,"(3, 0)",3,0,260,1283
1,5,"(3, 1)",3,1,258,901
1,6,"(1, 1)",1,1,257,735
1,7,"(1, 0)",1,0,257,762
1,8,"(2, 1)",2,1,258,591
1,9,"(4, 1)",4,1,259,637
1,10,"(3, 0)",3,0,258,602
1,11,"(3, 1)",3,1,258,712
1,12,"(2, 1)",2,1,258,682
1,13,"(1, 3)",1,3,257,879
1,14,"(1, 3)",1,3,257,605
1,15,"(1, 1)",1,1,257,590
1,16,"(1, 2)",1,2,257,512
1,17,"(2, 1)",2,1,258,745
1,18,"(4, 0)",4,0,259,656
1,19,"(3, 1)",3,1,258,641
1,20,"(4, 0)",4,0,259,906
1,21,"(4, 1)",4,1,259,630
1,22,"(1, 4)",1,4,257,537
1,23,"(3, 1)",3,1,258,586
1,24,"(2, 1)",2,1,258,850
1,25,"(1, 3)",1,3,257,568
1,26,"(2, 0)",2,0,258,559
1,27,"(1, 1)",1,1,258,756
1,28,"(3, 0)",3,0,259,648
1,29,"(4, 0)",4,0,259,511
1,30,"(4, 1)",4,1,258,724
1,31,"(1, 0)",1,0,257,679
1,32,"(3, 0)",3,0,259,581
1,33,"(4, 1)",4,1,259,525
1,34,"(1, 0)",1,0,258,758
1,35,"(4, 0)",4,0,259,513
1,36,"(1, 2)",1,2,258,300
1,37,"(2, 0)",2,0,258,470
1,38,"(1, 0)",1,0,257,613
1,39,"(1, 4)",1,4,258,596
1,40,"(1, 3)",1,3,258,724
1,41,"(3, 1)",3,1,259,574
1,42,"(4, 0)",4,0,259,753
2,0,"(2, 1)",2,1,258,674
2,1,"(1, 1)",1,1,257,608
2,2,"(4, 0)",4,0,259,441
2,3,"(4, 0)",4,0,259,451
2,4,"(2, 0)",2,0,258,613
2,5,"(2, 1)",2,1,258,713
2,6,"(1, 4)",1,4,258,533
2,7,"(1, 4)",1,4,258,533
2,8,"(4, 0)",4,0,259,457
2,9,"(2, 1)",2,1,258,609
2,10,"(1, 3)",1,3,258,659
2,11,"(3, 0)",3,0,258,452
2,12,"(1, 4)",1,4,258,691
2,13,"(4, 0)",4,0,259,714
2,14,"(1, 1)",1,1,257,703
2,15,"(1, 2)",1,2,258,428
2,16,"(1, 0)",1,0,257,1152
2,17,"(1, 2)",1,2,258,458
2,18,"(1, 3)",1,3,258,766
2,19,"(1, 0)",1,0,257,611
2,20,"(2, 1)",2,1,258,375
2,21,"(1, 3)",1,3,258,459
2,22,"(3, 1)",3,1,258,562
2,23,"(1, 1)",1,1,257,602
2,24,"(2, 1)",2,1,258,446
2,25,"(1, 4)",1,4,258,605
2,26,"(1, 0)",1,0,257,627
2,27,"(3, 1)",3,1,258,418
2,28,"(4, 1)",4,1,259,300
2,29,"(1, 2)",1,2,259,454
2,30,"(1, 3)",1,3,258,428
2,31,"(4, 0)",4,0,259,886
2,32,"(1, 2)",1,2,258,405
2,33,"(3, 0)",3,0,258,375
2,34,"(1, 0)",1,0,258,609
2,35,"(1, 3)",1,3,259,444
2,36,"(2, 0)",2,0,258,434
2,37,"(4, 1)",4,1,259,391
2,38,"(4, 1)",4,1,259,357
2,39,"(3, 1)",3,1,258,367
2,40,"(1, 1)",1,1,258,877
2,41,"(1, 4)",1,4,258,350
2,42,"(3, 1)",3,1,258,380
2,43,"(4, 1)",4,1,259,345
2,44,"(1, 2)",1,2,258,492
2,45,"(4, 1)",4,1,259,375
2,46,"(2, 0)",2,0,258,385
2,47,"(3, 0)",3,0,258,492
2,48,"(2, 0)",2,0,258,518
2,49,"(3, 0)",3,0,258,504
2,50,"(1, 1)",1,1,257,630
2,51,"(2, 0)",2,0,258,429
2,52,"(1, 0)",1,0,258,509
2,53,"(3, 1)",3,1,258,347
2,54,"(3, 0)",3,0,259,656
3,0,"(1, 0)",1,0,257,1028
3,1,"(1, 1)",1,1,257,2316
3,2,"(1, 0)",1,0,257,1242
3,3,"(1, 2)",1,2,258,23016
3,4,"(1, 1)",1,1,258,9310
3,5,"(4, 1)",4,1,259,3334
3,6,"(2, 0)",2,0,259,1700
3,7,"(2, 1)",2,1,260,4987
3,8,"(1, 3)",1,3,258,1990
3,9,"(1, 3)",1,3,258,1240
3,10,"(3, 0)",3,0,259,1015
3,11,"(1, 2)",1,2,258,644
3,12,"(1, 3)",1,3,257,2927
3,13,"(4, 0)",4,0,259,805
3,14,"(4, 0)",4,0,260,1749
3,15,"(3, 1)",3,1,259,734
3,16,"(1, 2)",1,2,258,573
3,17,"(1, 1)",1,1,257,572
3,18,"(4, 1)",4,1,259,712
3,19,"(2, 1)",2,1,258,1864
3,20,"(1, 0)",1,0,257,574
3,21,"(1, 3)",1,3,258,591
3,22,"(3, 0)",3,0,259,511
3,23,"(3, 1)",3,1,259,706
3,24,"(1, 4)",1,4,260,1414
3,25,"(4, 0)",4,0,261,785
3,26,"(1, 0)",1,0,257,632
3,27,"(4, 1)",4,1,259,591
3,28,"(4, 0)",4,0,259,444
3,29,"(2, 0)",2,0,258,590
3,30,"(1, 3)",1,3,258,539
3,31,"(3, 1)",3,1,258,498
3,32,"(1, 4)",1,4,258,567
3,33,"(2, 0)",2,0,258,423
3,34,"(1, 2)",1,2,258,382
3,35,"(2, 0)",2,0,259,880
3,36,"(1, 4)",1,4,258,706
3,37,"(1, 2)",1,2,257,1109
3,38,"(3, 1)",3,1,259,1298
3,39,"(1, 1)",1,1,257,919
3,40,"(2, 1)",2,1,258,488
3,41,"(3, 1)",3,1,259,734
3,42,"(2, 1)",2,1,258,736
3,43,"(1, 4)",1,4,259,568
3,44,"(3, 0)",3,0,259,577
3,45,"(2, 1)",2,1,259,388
3,46,"(3, 0)",3,0,259,461
3,47,"(3, 0)",3,0,260,910
3,48,"(4, 1)",4,1,261,468
3,49,"(1, 1)",1,1,258,896
3,50,"(1, 4)",1,4,258,684
3,51,"(1, 0)",1,0,258,470
3,52,"(4, 1)",4,1,259,409
3,53,"(4, 0)",4,0,260,656
3,54,"(2, 0)",2,0,259,716
4,0,"(4, 1)",4,1,260,1459
4,1,"(4, 0)",4,0,260,989
4,2,"(3, 0)",3,0,258,1335
4,3,"(1, 4)",1,4,257,859
4,4,"(1, 3)",1,3,257,1002
4,5,"(2, 1)",2,1,258,658
4,6,"(2, 0)",2,0,258,774
4,7,"(3, 0)",3,0,258,492
4,8,"(3, 1)",3,1,258,886
4,9,"(1, 3)",1,3,257,1739
4,10,"(2, 1)",2,1,257,541
4,11,"(3, 0)",3,0,258,549
4,12,"(1, 2)",1,2,257,562
4,13,"(3, 0)",3,0,258,421
4,14,"(1, 2)",1,2,258,892
4,15,"(1, 4)",1,4,257,671
4,16,"(1, 1)",1,1,257,576
4,17,"(4, 0)",4,0,259,477
4,18,"(1, 1)",1,1,257,626
4,19,"(3, 1)",3,1,258,555
4,20,"(1, 2)",1,2,257,782
4,21,"(4, 1)",4,1,259,763
4,22,"(1, 0)",1,0,257,988
4,23,"(2, 0)",2,0,258,613
4,24,"(1, 0)",1,0,257,607
4,25,"(4, 0)",4,0,259,474
4,26,"(1, 0)",1,0,257,758
4,27,"(1, 0)",1,0,257,712
4,28,"(2, 0)",2,0,257,506
4,29,"(2, 1)",2,1,258,793
4,30,"(1, 2)",1,2,258,693
4,31,"(1, 4)",1,4,257,470
4,32,"(1, 3)",1,3,257,576
4,33,"(3, 1)",3,1,258,550
4,34,"(1, 4)",1,4,257,576
4,35,"(1, 3)",1,3,257,579
4,36,"(3, 0)",3,0,259,693
4,37,"(3, 1)",3,1,259,827
4,38,"(2, 1)",2,1,258,1815
4,39,"(4, 1)",4,1,259,618
4,40,"(1, 1)",1,1,257,755
4,41,"(1, 2)",1,2,257,825
4,42,"(4, 1)",4,1,259,916
4,43,"(1, 0)",1,0,258,693
4,44,"(1, 1)",1,1,257,805
4,45,"(3, 1)",3,1,258,459
4,46,"(1, 4)",1,4,258,610
4,47,"(2, 0)",2,0,258,644
4,48,"(2, 1)",2,1,259,1784
4,49,"(4, 0)",4,0,259,939
4,50,"(1, 3)",1,3,257,1039
4,51,"(4, 1)",4,1,259,524
4,52,"(1, 1)",1,1,257,930
4,53,"(2, 0)",2,0,257,649
4,54,"(4, 0)",4,0,259,612
5,0,"(2, 0)",2,0,258,3576
5,1,"(1, 1)",1,1,257,1274
5,2,"(1, 3)",1,3,258,10937
5,3,"(4, 0)",4,0,260,1020
5,4,"(4, 1)",4,1,259,595
5,5,"(3, 1)",3,1,259,485
5,6,"(2, 1)",2,1,259,753
5,7,"(4, 0)",4,0,259,1299
5,8,"(4, 1)",4,1,260,518
5,9,"(3, 1)",3,1,259,746
5,10,"(1, 2)",1,2,258,765
5,11,"(1, 1)",1,1,257,631
5,12,"(1, 3)",1,3,258,865
5,13,"(1, 2)",1,2,258,773
5,14,"(3, 1)",3,1,259,581
5,15,"(1, 0)",1,0,258,676
5,16,"(4, 1)",4,1,260,1987
5,17,"(4, 0)",4,0,259,836
5,18,"(1, 3)",1,3,258,817
5,19,"(1, 0)",1,0,258,519
5,20,"(1, 4)",1,4,258,619
5,21,"(1, 4)",1,4,257,1445
5,22,"(2, 1)",2,1,258,688
5,23,"(1, 2)",1,2,258,625
5,24,"(1, 4)",1,4,258,1085
5,25,"(2, 0)",2,0,258,981
5,26,"(1, 3)",1,3,258,1409
5,27,"(1, 3)",1,3,257,850
5,28,"(3, 0)",3,0,259,612
5,29,"(4, 1)",4,1,260,518
5,30,"(1, 0)",1,0,258,772
5,31,"(1, 4)",1,4,258,1843
5,32,"(3, 0)",3,0,259,894
5,33,"(1, 4)",1,4,258,710
5,34,"(2, 0)",2,0,258,628
5,35,"(2, 1)",2,1,258,1006
5,36,"(2, 1)",2,1,259,1211
5,37,"(1, 1)",1,1,257,1021
5,38,"(4, 1)",4,1,259,658
5,39,"(1, 2)",1,2,258,1396
5,40,"(1, 1)",1,1,257,764
5,41,"(2, 1)",2,1,258,571
5,42,"(3, 0)",3,0,259,668
5,43,"(1, 1)",1,1,257,1014
5,44,"(1, 0)",1,0,257,772
5,45,"(4, 0)",4,0,259,844
5,46,"(3, 0)",3,0,258,908
5,47,"(1, 2)",1,2,258,743
5,48,"(1, 0)",1,0,257,545
5,49,"(3, 1)",3,1,259,616
5,50,"(3, 0)",3,0,259,385
5,51,"(2, 0)",2,0,259,577
5,52,"(3, 1)",3,1,259,1283
5,53,"(2, 0)",2,0,258,507
5,54,"(4, 0)",4,0,259,425
